2 0.553125 0.146875 0.021875 0.03125
2 0.67734375 0.259375 0.0421875 0.05625
0 0.80625 0.4265625 0.015625 0.0265625
1 0.1875 0.55 0.034375 0.18125
1 0.2390625 0.578125 0.059375 0.2765625
1 0.3125 0.5734375 0.0359375 0.2
1 0.3765625 0.63515625 0.04375 0.2296875
1 0.40234375 0.46484375 0.0296875 0.1546875
1 0.37890625 0.4546875 0.0265625 0.1625
1 0.475 0.678125 0.0625 0.203125
1 0.5984375 0.6109375 0.04375 0.2
1 0.6484375 0.56953125 0.0265625 0.1359375
1 0.7046875 0.59296875 0.03125 0.2109375
1 0.8125 0.5109375 0.028125 0.203125
1 0.6453125 0.7265625 0.0359375 0.221875
0 0.4 0.3234375 0.0125 0.0234375
1 0.21953125 0.24453125 0.0203125 0.0984375
1 0.2859375 0.29375 0.0296875 0.0828125
1 0.3546875 0.28125 0.0234375 0.0765625
1 0.43125 0.278125 0.028125 0.0921875
1 0.446875 0.2671875 0.009375 0.09375
1 0.4546875 0.246875 0.009375 0.0328125
1 0.475 0.246875 0.015625 0.0640625
1 0.465625 0.290625 0.01875 0.0875
1 0.4859375 0.315625 0.0328125 0.084375
1 0.5203125 0.3015625 0.021875 0.09375
1 0.6453125 0.3078125 0.01875 0.1265625