2 0.57265625 0.15 0.0234375 0.03125
2 0.68984375 0.26953125 0.0453125 0.0578125
0 0.809375 0.44296875 0.015625 0.0265625
1 0.1859375 0.53359375 0.04375 0.1828125
1 0.23515625 0.565625 0.0734375 0.278125
1 0.30859375 0.56328125 0.0453125 0.2015625
1 0.3703125 0.628125 0.05625 0.23125
1 0.4046875 0.459375 0.0375 0.15625
1 0.38125 0.4484375 0.034375 0.1625
1 0.46484375 0.6765625 0.0734375 0.20625
1 0.59296875 0.6171875 0.0546875 0.203125
1 0.64453125 0.578125 0.0328125 0.1375
1 0.69921875 0.603125 0.0421875 0.2125
1 0.81171875 0.52734375 0.0390625 0.2046875
1 0.63359375 0.73359375 0.0484375 0.2234375
0 0.409375 0.31875 0.0125 0.025
1 0.2328125 0.2296875 0.025 0.1
1 0.29765625 0.28359375 0.0328125 0.0828125
1 0.36796875 0.27578125 0.0265625 0.0765625
1 0.44296875 0.27578125 0.0328125 0.0921875
1 0.46015625 0.2640625 0.0140625 0.09375
1 0.46796875 0.24453125 0.0109375 0.0328125
1 0.4875 0.24765625 0.01875 0.0640625
1 0.4765625 0.2890625 0.021875 0.0875
1 0.49609375 0.315625 0.0359375 0.084375
1 0.53046875 0.30234375 0.0265625 0.0953125
1 0.6546875 0.31640625 0.025 0.1265625