2 0.63046875 0.2625 0.0609375 0.090625
0 0.34765625 0.6171875 0.0265625 0.04375
1 0.04375 0.65078125 0.0875 0.2890625
1 0.13359375 0.80234375 0.1328125 0.3578125
1 0.32265625 0.6671875 0.1296875 0.296875
1 0.4265625 0.5703125 0.1 0.24375
1 0.48828125 0.55390625 0.0953125 0.2046875
1 0.5515625 0.5296875 0.090625 0.21875
1 0.50234375 0.89375 0.1140625 0.2125
1 0.64453125 0.66484375 0.1265625 0.3546875
1 0.7546875 0.61328125 0.121875 0.3578125
1 0.68203125 0.41640625 0.0984375 0.2546875
1 0.56953125 0.365625 0.0921875 0.240625
0 0.5828125 0.33359375 0.021875 0.0359375