2 0.6703125 0.2890625 0.046875 0.084375
0 0.3296875 0.5890625 0.0203125 0.040625
1 0.021875 0.56953125 0.04375 0.2859375
1 0.08671875 0.7328125 0.0734375 0.35
1 0.2953125 0.6328125 0.08125 0.2875
1 0.415625 0.55625 0.0609375 0.2375
1 0.4796875 0.5515625 0.0625 0.196875
1 0.54609375 0.5390625 0.0546875 0.2125
1 0.4328125 0.89375 0.078125 0.2125
1 0.6140625 0.68828125 0.0671875 0.3484375
1 0.73203125 0.65625 0.0609375 0.353125
1 0.69375 0.44921875 0.05625 0.2484375
1 0.5921875 0.3796875 0.0515625 0.234375
0 0.609375 0.35 0.015625 0.0328125