2 0.196875 0.334375 0.053125 0.065625
1 0.67265625 0.59921875 0.2515625 0.4765625
1 0.475 0.58984375 0.1375 0.3171875
1 0.37421875 0.55625 0.0984375 0.203125
1 0.209375 0.59921875 0.103125 0.2296875
1 0.8 0.47421875 0.109375 0.2296875
0 0.32109375 0.1109375 0.0265625 0.034375
1 0.90625 0.45703125 0.11875 0.2265625
1 0.89609375 0.42421875 0.0578125 0.1390625
1 0.95859375 0.4140625 0.0578125 0.14375
1 0.74140625 0.446875 0.0546875 0.134375
1 0.6 0.46953125 0.046875 0.1265625
1 0.52265625 0.52421875 0.1078125 0.1984375
1 0.17890625 0.55078125 0.0703125 0.2484375