2 0.19296875 0.33984375 0.0546875 0.0671875
1 0.675 0.5953125 0.259375 0.478125
1 0.47578125 0.590625 0.1421875 0.31875
1 0.37578125 0.559375 0.1015625 0.203125
1 0.2109375 0.60390625 0.10625 0.2296875
1 0.8 0.46875 0.1125 0.23125
0 0.31484375 0.11328125 0.0265625 0.0359375
1 0.90546875 0.45 0.1234375 0.228125
1 0.89453125 0.41796875 0.0609375 0.1390625
1 0.95703125 0.40625 0.0609375 0.14375
1 0.740625 0.4421875 0.05625 0.134375
1 0.59921875 0.46796875 0.0484375 0.1265625
1 0.52265625 0.52265625 0.1109375 0.1984375
1 0.1796875 0.55703125 0.075 0.2484375