2 0.22578125 0.28828125 0.04453125 0.06015625
1 0.6546875 0.62421875 0.1828125 0.45390625
1 0.46015625 0.584375 0.090625 0.30703125
1 0.3671875 0.5359375 0.06875 0.19453125
1 0.196875 0.55234375 0.06953125 0.22109375
1 0.8 0.5203125 0.07578125 0.22109375
0 0.384375 0.08671875 0.02109375 0.03203125
1 0.9078125 0.5203125 0.08671875 0.21640625
1 0.90234375 0.48671875 0.0375 0.13515625
1 0.965625 0.48671875 0.03671875 0.1390625
1 0.74609375 0.484375 0.034375 0.13046875
1 0.603125 0.48515625 0.02734375 0.12421875
1 0.51796875 0.5265625 0.0796875 0.1875
1 0.17421875 0.5 0.0328125 0.24609375