2 0.31796875 0.20859375 0.08671875 0.10625
1 0.86953125 0.78515625 0.08984375 0.4296875
1 0.7671875 0.7765625 0.103125 0.446875
1 0.5578125 0.7703125 0.09375 0.459375
1 0.43984375 0.76015625 0.103125 0.4703125
1 0.3625 0.7796875 0.07109375 0.43984375
1 0.2734375 0.7609375 0.08125 0.478125
1 0.20859375 0.73203125 0.04296875 0.36484375
0 0.3171875 0.29609375 0.04453125 0.06484375
1 0.04453125 0.78359375 0.08828125 0.4328125
1 0.61328125 0.728125 0.05703125 0.3109375
1 0.70390625 0.71328125 0.0546875 0.26640625