1 0.9546875 0.63828125 0.08125 0.2453125
1 0.80390625 0.62421875 0.0765625 0.2609375
1 0.46328125 0.6046875 0.1046875 0.334375
1 0.346875 0.57421875 0.11875 0.2984375
1 0.40859375 0.56640625 0.0921875 0.2765625
1 0.5453125 0.61015625 0.159375 0.2984375
2 0.37890625 0.33671875 0.0546875 0.1203125
0 0.396875 0.27578125 0.025 0.0359375
1 0.62109375 0.57734375 0.0609375 0.1671875
2 0.73671875 0.434375 0.0265625 0.021875
0 0.89453125 0.66015625 0.0171875 0.0234375
0 0.91171875 0.66171875 0.0171875 0.0234375