2 0.5109375 0.3515625 0.33046875 0.259375
0 0.078125 0.86328125 0.15546875 0.0984375
0 0.23671875 0.86171875 0.14375 0.09453125
0 0.61875 0.946875 0.1390625 0.08828125
0 0.91875 0.9546875 0.146875 0.090625
0 0.765625 0.9515625 0.1359375 0.08828125
0 0.03203125 0.946875 0.0640625 0.10625
0 0.14453125 0.9484375 0.15625 0.10234375
0 0.30078125 0.95 0.1609375 0.1
0 0.45703125 0.953125 0.1578125 0.09375
0 0.38046875 0.8640625 0.14296875 0.103125
0 0.94921875 0.871875 0.1015625 0.11171875
0 0.8265625 0.8703125 0.15703125 0.109375
0 0.675 0.86953125 0.14296875 0.1
0 0.54765625 0.865625 0.11015625 0.0921875
0 0.04921875 0.778125 0.0984375 0.0953125
0 0.98125 0.78203125 0.03671875 0.07578125
0 0.88984375 0.78984375 0.14296875 0.0984375
0 0.7515625 0.790625 0.14453125 0.09765625
0 0.59921875 0.78828125 0.13515625 0.103125
0 0.45703125 0.78203125 0.146875 0.0953125
0 0.3125 0.78203125 0.13984375 0.0984375
0 0.16015625 0.78125 0.15390625 0.1
0 0.090625 0.6984375 0.13203125 0.09296875
0 0.234375 0.7015625 0.1390625 0.096875
0 0.93984375 0.7125 0.1203125 0.096875
0 0.8703125 0.63515625 0.13671875 0.090625
0 0.7984375 0.56171875 0.134375 0.09375
0 0.64609375 0.43515625 0.125 0.08125
0 0.575 0.37421875 0.109375 0.071875
0 0.43515625 0.3734375 0.1 0.06640625
0 0.375 0.43046875 0.109375 0.075
0 0.51171875 0.42890625 0.1203125 0.078125
0 0.71796875 0.49921875 0.13125 0.08515625
0 0.80703125 0.71328125 0.140625 0.1
0 0.66953125 0.7140625 0.15 0.1
0 0.521875 0.7078125 0.12578125 0.08984375
0 0.3890625 0.7125 0.153125 0.096875
0 0.734375 0.634375 0.1515625 0.0890625
0 0.58828125 0.63515625 0.14375 0.084375
0 0.45234375 0.6375 0.13828125 0.084375
0 0.31015625 0.63203125 0.1390625 0.08671875
0 0.65703125 0.56171875 0.13359375 0.08203125
0 0.5171875 0.56015625 0.13046875 0.0828125
0 0.37890625 0.56171875 0.13125 0.08828125
0 0.23984375 0.55546875 0.14296875 0.090625
0 0.58203125 0.5 0.13125 0.08984375
0 0.44375 0.4953125 0.14609375 0.0953125
0 0.1640625 0.62734375 0.1359375 0.0921875