2 0.24609375 0.49921875 0.0765625 0.1015625
1 0.43828125 0.784375 0.0796875 0.3625
1 0.365625 0.75625 0.09375 0.3609375
1 0.29296875 0.7609375 0.1015625 0.340625
1 0.634375 0.7578125 0.090625 0.365625
1 0.7875 0.7140625 0.0875 0.275
1 0.8828125 0.7578125 0.096875 0.31875
0 0.2625 0.234375 0.0390625 0.0546875
0 0.871875 0.7234375 0.05625 0.071875
0 0.76015625 0.66171875 0.0390625 0.0546875
2 0.58671875 0.490625 0.0578125 0.075
1 0.66875 0.6765625 0.059375 0.2546875
1 0.834375 0.6375 0.05625 0.1984375
0 0.646875 0.5875 0.025 0.0359375
0 0.9125 0.6828125 0.0265625 0.04375