2 0.24609375 0.49140625 0.0796875 0.1046875
1 0.42890625 0.78203125 0.0921875 0.3640625
1 0.35625 0.753125 0.10625 0.3625
1 0.28515625 0.753125 0.1140625 0.34375
1 0.62578125 0.76328125 0.1046875 0.3671875
1 0.7796875 0.725 0.096875 0.278125
1 0.87265625 0.771875 0.1078125 0.321875
0 0.2734375 0.22734375 0.040625 0.0546875
0 0.8640625 0.73515625 0.059375 0.0734375
0 0.7546875 0.6703125 0.040625 0.05625
2 0.58671875 0.49375 0.0609375 0.078125
1 0.6625 0.6828125 0.06875 0.25625
1 0.8296875 0.65 0.0625 0.2
0 0.64296875 0.59296875 0.0265625 0.0359375
0 0.90703125 0.696875 0.0265625 0.04375