2 0.54765625 0.1609375 0.02265625 0.034375
2 0.66640625 0.2734375 0.03828125 0.053125
1 0.39609375 0.56328125 0.0703125 0.225
1 0.253125 0.53671875 0.04921875 0.190625
1 0.259375 0.46953125 0.046875 0.171875
1 0.034375 0.50390625 0.0328125 0.165625
1 0.35390625 0.26875 0.025 0.0859375
1 0.13671875 0.33359375 0.02890625 0.0984375
1 0.10703125 0.3 0.02734375 0.0734375
1 0.18515625 0.2859375 0.0265625 0.08125
1 0.25078125 0.26953125 0.0234375 0.0609375
1 0.234375 0.24609375 0.01796875 0.04453125
1 0.1359375 0.2625 0.0140625 0.065625
1 0.1625 0.25078125 0.0203125 0.05390625
1 0.5078125 0.3140625 0.0234375 0.11484375