0 0.321875 0.80859375 0.05625 0.0765625
0 0.234375 0.7796875 0.05 0.071875
0 0.17265625 0.76484375 0.0515625 0.0671875
1 0.48984375 0.58359375 0.1359375 0.4046875
1 0.3984375 0.61171875 0.14375 0.5140625
1 0.06953125 0.59765625 0.1390625 0.4546875
1 0.815625 0.65625 0.140625 0.4625
1 0.2546875 0.5828125 0.084375 0.25625
0 0.48828125 0.36328125 0.0484375 0.0703125
2 0.2859375 0.21796875 0.078125 0.1328125
0 0.225 0.55546875 0.021875 0.0328125
1 0.11328125 0.571875 0.1234375 0.446875
1 0.884375 0.65234375 0.11875 0.4578125