0 0.35390625 0.825 0.0484375 0.0734375
0 0.2640625 0.80625 0.04375 0.0671875
0 0.20234375 0.796875 0.0453125 0.0640625
1 0.49765625 0.584375 0.0953125 0.396875
1 0.4109375 0.621875 0.090625 0.5078125
1 0.06875 0.6453125 0.121875 0.44375
1 0.8296875 0.621875 0.09375 0.45625
1 0.26484375 0.60703125 0.0578125 0.2515625
0 0.47421875 0.3640625 0.0421875 0.065625
2 0.2578125 0.24140625 0.065625 0.1265625
0 0.2328125 0.584375 0.01875 0.03125
1 0.121875 0.6109375 0.078125 0.4421875
1 0.8984375 0.6125 0.071875 0.453125