0 0.3765625 0.83515625 0.053125 0.0765625
0 0.28671875 0.82265625 0.0484375 0.0703125
0 0.2234375 0.8171875 0.05 0.065625
1 0.50390625 0.584375 0.1234375 0.403125
1 0.4203125 0.628125 0.125 0.5125
1 0.0796875 0.67421875 0.153125 0.4515625
1 0.8375 0.59921875 0.125 0.4609375
1 0.2734375 0.62421875 0.075 0.2546875
0 0.465625 0.3671875 0.046875 0.06875
2 0.240625 0.259375 0.075 0.13125
0 0.23828125 0.603125 0.0203125 0.03125
1 0.13125 0.63828125 0.109375 0.4453125
1 0.9046875 0.58359375 0.103125 0.4578125