2 0.6171875 0.2203125 0.04453125 0.078125
1 0.0671875 0.38203125 0.05 0.27890625
1 0.1984375 0.33984375 0.05390625 0.2375
1 0.3109375 0.2890625 0.04609375 0.21796875
1 0.25859375 0.45625 0.075 0.2515625
1 0.2671875 0.7359375 0.065625 0.278125
1 0.4859375 0.55234375 0.04453125 0.2765625
1 0.521875 0.68203125 0.07734375 0.32890625
1 0.55703125 0.4484375 0.0484375 0.29140625
1 0.690625 0.5375 0.03359375 0.25859375
1 0.759375 0.528125 0.05625 0.384375
1 0.7109375 0.53359375 0.07890625 0.3359375
0 0.74609375 0.234375 0.0234375 0.046875