0 0.30546875 0.26484375 0.0359375 0.0640625
2 0.30546875 0.24453125 0.0765625 0.1140625
1 0.06484375 0.740625 0.1296875 0.51875
1 0.29453125 0.73125 0.1234375 0.396875
1 0.36953125 0.709375 0.1515625 0.440625
1 0.434375 0.6765625 0.08125 0.325
1 0.47109375 0.6984375 0.0859375 0.3125
1 0.49609375 0.6546875 0.0828125 0.33125
1 0.584375 0.64609375 0.128125 0.3890625
1 0.68984375 0.63203125 0.1546875 0.4890625
1 0.86171875 0.54609375 0.0921875 0.3453125
1 0.9234375 0.5578125 0.125 0.53125
1 0.9390625 0.58125 0.121875 0.690625