2 0.5828125 0.20859375 0.053125 0.0828125
1 0.05625 0.43671875 0.084375 0.2828125
1 0.18203125 0.37890625 0.0828125 0.2421875
1 0.2875 0.3140625 0.071875 0.221875
1 0.25546875 0.4859375 0.1046875 0.259375
1 0.29765625 0.7625 0.0984375 0.284375
1 0.4921875 0.55390625 0.078125 0.2796875
1 0.54453125 0.67890625 0.1171875 0.3359375
1 0.55078125 0.44296875 0.0828125 0.2953125
1 0.69375 0.51484375 0.065625 0.2609375
1 0.7609375 0.49609375 0.103125 0.3890625
1 0.7140625 0.5078125 0.11875 0.34375
0 0.71171875 0.20625 0.0296875 0.05