2 0.6265625 0.22421875 0.046875 0.0796875
1 0.071875 0.3671875 0.059375 0.28125
1 0.2046875 0.33046875 0.0625 0.2390625
1 0.31875 0.2828125 0.053125 0.21875
1 0.2609375 0.44765625 0.084375 0.2546875
1 0.259375 0.72734375 0.075 0.2796875
1 0.48515625 0.5515625 0.0546875 0.278125
1 0.51640625 0.6828125 0.0890625 0.33125
1 0.55859375 0.45078125 0.0578125 0.2921875
1 0.68984375 0.54375 0.0421875 0.259375
1 0.75859375 0.53828125 0.0703125 0.3859375
1 0.709375 0.54140625 0.090625 0.3390625
0 0.75625 0.24296875 0.025 0.0484375