1 0.03671875 0.56875 0.0453125 0.221875
1 0.25859375 0.565625 0.0953125 0.290625
1 0.3359375 0.54140625 0.0375 0.1765625
1 0.45234375 0.55234375 0.0390625 0.2015625
1 0.35859375 0.5609375 0.0421875 0.190625
1 0.55625 0.52265625 0.0875 0.2796875
1 0.40703125 0.5484375 0.0265625 0.146875
1 0.42890625 0.54609375 0.0453125 0.1921875
1 0.63359375 0.53671875 0.0828125 0.3421875
1 0.78359375 0.51640625 0.0546875 0.2203125
0 0.621875 0.3546875 0.021875 0.04375
2 0.49921875 0.35234375 0.0296875 0.0640625
2 0.9546875 0.06953125 0.065625 0.1390625