1 0.04453125 0.60859375 0.0640625 0.2234375
1 0.26484375 0.58671875 0.1203125 0.2953125
1 0.340625 0.55625 0.053125 0.178125
1 0.45625 0.55625 0.05625 0.203125
1 0.36328125 0.57421875 0.0578125 0.1921875
1 0.55859375 0.5171875 0.1109375 0.284375
1 0.41171875 0.55625 0.0390625 0.146875
1 0.4328125 0.55234375 0.0625 0.1953125
1 0.6359375 0.52578125 0.1125 0.3453125
1 0.78359375 0.49140625 0.0734375 0.2234375
0 0.60859375 0.34453125 0.0265625 0.0453125
2 0.48671875 0.353125 0.0359375 0.065625
2 0.91484375 0.0515625 0.0796875 0.103125