2 0.6609375 0.3265625 0.028125 0.04375
1 0.90703125 0.46328125 0.0484375 0.1515625
1 0.103125 0.671875 0.09375 0.1625
1 0.33984375 0.5421875 0.0453125 0.128125
1 0.25859375 0.50234375 0.0515625 0.1359375
1 0.509375 0.63671875 0.078125 0.2046875
1 0.534375 0.4625 0.059375 0.121875
1 0.64921875 0.5640625 0.0890625 0.178125
1 0.69765625 0.4984375 0.0640625 0.153125
1 0.615625 0.44609375 0.0625 0.1609375
1 0.65625 0.4578125 0.0625 0.15625
0 0.6203125 0.3234375 0.015625 0.021875
1 0.51953125 0.821875 0.0796875 0.25625