2 0.2453125 0.325 0.05625 0.1328125
1 0.01796875 0.75859375 0.03515625 0.41640625
1 0.24453125 0.75078125 0.06796875 0.41640625
1 0.315625 0.753125 0.0625 0.30390625
1 0.9453125 0.73671875 0.06875 0.2609375
1 0.8453125 0.76015625 0.0625 0.18203125
1 0.67890625 0.70625 0.03359375 0.153125
0 0.5671875 0.60078125 0.02734375 0.05234375
1 0.56796875 0.67265625 0.04140625 0.15859375
1 0.6140625 0.78984375 0.0765625 0.33515625
1 0.54765625 0.7921875 0.10625 0.390625
1 0.42578125 0.7828125 0.1265625 0.434375