2 0.5515625 0.15390625 0.02265625 0.03515625
2 0.67421875 0.26640625 0.0375 0.05546875
0 0.3703125 0.2890625 0.0125 0.01640625
0 0.415625 0.40625 0.0140625 0.02109375
0 0.6515625 0.4609375 0.01796875 0.0296875
0 0.0875 0.8203125 0.025 0.04453125
1 0.07421875 0.84375 0.071875 0.31171875
1 0.19296875 0.85625 0.06015625 0.28671875
1 0.43828125 0.57109375 0.046875 0.228125
1 0.66953125 0.50859375 0.05078125 0.209375
1 0.396875 0.39140625 0.03359375 0.18515625
1 0.346875 0.275 0.02421875 0.125
1 0.36171875 0.26875 0.01484375 0.071875
1 0.42734375 0.2671875 0.025 0.1015625
1 0.503125 0.2890625 0.02734375 0.1046875
1 0.48515625 0.29609375 0.01875 0.103125
1 0.49921875 0.2671875 0.02265625 0.09609375
1 0.525 0.23671875 0.009375 0.07578125
1 0.51640625 0.2390625 0.00859375 0.07890625
1 0.50859375 0.2125 0.01953125 0.075
1 0.48984375 0.234375 0.01171875 0.0609375
1 0.48515625 0.21875 0.009375 0.06953125
1 0.471875 0.2375 0.0109375 0.07890625
1 0.4609375 0.23125 0.01640625 0.0859375