1 0.078125 0.3625 0.053125 0.225
1 0.3015625 0.434375 0.1015625 0.23125
1 0.340625 0.3890625 0.05 0.159375
1 0.3421875 0.56796875 0.0671875 0.3109375
1 0.3984375 0.5484375 0.0515625 0.246875
1 0.44765625 0.54375 0.0515625 0.28125
1 0.43125 0.75 0.0703125 0.3328125
1 0.1828125 0.8625 0.084375 0.275
1 0.61796875 0.43125 0.0640625 0.259375
1 0.73046875 0.5578125 0.0546875 0.30625
1 0.7984375 0.409375 0.05 0.228125
1 0.9 0.58125 0.05 0.3
1 0.959375 0.7984375 0.08125 0.4
0 0.2453125 0.2171875 0.021875 0.040625
2 0.246875 0.203125 0.046875 0.0703125