1 0.05625 0.46796875 0.10625 0.2296875
1 0.2921875 0.48359375 0.153125 0.2484375
1 0.3171875 0.43046875 0.0875 0.1671875
1 0.36484375 0.60390625 0.1390625 0.3171875
1 0.4140625 0.57265625 0.109375 0.2515625
1 0.4609375 0.55546875 0.11875 0.2859375
1 0.49453125 0.76015625 0.1484375 0.3390625
1 0.27890625 0.8921875 0.1484375 0.215625
1 0.596875 0.40546875 0.125 0.2671875
1 0.73671875 0.50078125 0.1265625 0.3109375
1 0.7671875 0.33984375 0.103125 0.2328125
1 0.90859375 0.48203125 0.1203125 0.3015625
1 0.96484375 0.67734375 0.0703125 0.4078125
0 0.18515625 0.2875 0.0296875 0.04375
2 0.18359375 0.275 0.0609375 0.078125